State-gov : 0.7592592592592593
Self-emp-not-inc : 0.6475735879077167
Private : 0.6449275362318841
Federal-gov : 0.6611295681063122
Local-gov : 0.6897810218978102
Self-emp-inc : 0.7924865831842576
Without-pay : 1.0
