State-gov : 0.7592592592592593
Self-emp-not-inc : 0.6570281124497992
Private : 0.6519845713574717
Federal-gov : 0.6531986531986532
Local-gov : 0.6848319709355133
Self-emp-inc : 0.786096256684492
Without-pay : 1.0
